$ANSIBLE_VAULT;1.1;AES256
61623531626362613538613234643561656231643731306161663662326335363133643235396162
3731303765666137663431386637336564353237623330320a613831623633626435653138343832
64326665646637383631333864373936373964323561326533626235313762373630663633353739
3963333465363836320a333265643432313463313730363264386565356163366165663264313733
34383664656436346265303235356161653938666632386262393833336264336537646234353432
32616665343734363837373833346533313031383266666537643731346664633532383838323633
63333936623438376165346366303339646662303833353735656261626235316334373534383462
38346132383435626339373331633435336532363036313965626237333964376361393339393061
34643566353036616665363935663336303833373531623034346533353664646239326134366462
66393562636432343163616166336133386461373535623831636164663430303733653739643963
37616362316638373936616163656366653939613338386239316464653338393764643333646664
64383461303834666635663563303136303538343266396134623664323335626536623430373263
38373937323034366338376262363763323664343032373336353066313538343038666366626165
64326635346565336266393035303533316537613831303830343138653965353537393132343139
30303031303936623932323837636332326330363766643231356663663936336335353762306530
33383637393733616361623837343531386636633861626662343138623539653630613430663865
38663164363764383363633565623637393565613562623964303864356461306636626363323164
63326561656666616138363266333034636561323338653362376436393237393666376530633131
66346237656663653130326136633664623034306434623730353366386139633934326439663933
31613965373836386130336334636331393063666664626539356564633161393862653363643235
31346137303239653132313466386639613466326431613635316432613734326534656165343666
32343436396465626363613334343261313731643365396666663635306262396530336333303038
62353530333263663561636131336530623336653563623963623531623763663839356639366331
34663534373463353332303561306337653164306430393562336166663834346633313231653730
37363433343363323663383964633339646661323361366564633531306432323231623763353233
37316434383964333034383962616561396364336162663034663834323465656535626331303131
64336135626334393632316335353363653534346633623138376334306338643065323933306639
66306333613761333938326137633033636534643961663063393531353836623164363937356333
36373936636130626335313835336438633131623338323262393530383731353262326662336664
3134353838663934353062613066383666306331646237633032
